Number of sentences: 20593
724955852
545675567
544873703
545898939
710076304
729832211
713643222
721301252
729609339
729104625
711494900
691956142
715324444
712402888
727339683
731161801
727954743
731133845
727990831
724258980
726778285
731143791
612966562
703049158
701563462
711536849
709925088
729835084
702633570
730406233
720296522
714171734
679448286
710200567
720760214
306510178
729893284
719787038
704576984
598485373
715389093
725382102
727453745
358483731
724301281
693737386
730822627
673429949
726596444
705882743
716294066
731024169
647084303
719674851
723267163
627107070
682344270
710052680
727270529
717239390
730320107
721311244
725355123
710936387
730210748
729764101
709436203
703318264
727214174
691721625
719021809
726619038
679872056
595184658
670373600
728464000
712353467
728966297
547981371
724006207
713431644
725800194
627104031
705707783
680954089
714733180
650849703
707039065
730211191
724311040
730740746
729942392
715516294
728726567
722613366
719577100
717772128
610878817
680503798
716127516
722760568
549034497
692800599
712247022
724147742
723116879
711375769
720964585
716839398
661456474
724950262
493500716
624186790
724572611
728910769
701891484
723036879
655311631
661604966
726657182
713490595
693682537
604598666
709702425
721654978
682977674
707051147
723884419
685274758
718372210
708561504
727780456
727891689
581401882
712682763
703247870
719824088
697382479
725808542
721158279
724626463
578492288
678429013
719489233
628791791
650238473
719811811
718912151
706473326
686078206
726296066
669283039
728555916
714847743
700667342
628388467
608796174
726876786
724823412
703465455
699478660
725192548
638800738
723824319
721140799
669965843
722179522
703834054
708049253
699823343
378857460
729229000
724108965
719907359
723875769
708786086
650696576
725128178
717608002
728710020
666070120
726997724
725523385
613005994
715494572
615801186
727472918
717415840
721211279
727431131
613380749
727235779
643294814
706054448
718662256
706972678
699018114
726216980
701775107
712936001
730741526
660753967
730414307
715056712
716834143
728673684
720842746
721962195
607165739
688830602
724395191
727852810
689594208
719176245
575030859
668517670
704700137
718337761
717201885
730461434
724712882
729233392
730052073
679356713
729919656
702921131
720005771
725887481
726456782
713302789
725429521
706217119
728032558
722737077
710335142
724287155
721186489
718873406
730780787
726617941
712243252
662194793
726726928
729738077
730824103
730676876
702278798
729056928
678219006
699540922
723387976
718565774
716071816
698270629
719141358
730542455
671042757
493353792
642068559
626595276
729711114
695803142
611687477
631367922
675357872
705541523
705708617
719123036
722983043
729003675
728291991
724873351
730534201
578853682
607557054
717804359
475543201
724952316
691600356
694522822
628437881
713866545
719733842
729475016
704571640
706309240
723979013
637914172
679397870
726707575
725839306
648013867
537111363
728259130
724819539
720959354
714909032
717925447
511148962
680387310
545893408
718150746
696892222
722637072
715927776
637384101
731078887
696086030
704221847
479622609
728511685
699376110
692973636
730724166
718042100
730479455
661869914
647613384
720010234
591592028
696604077
698364733
717727454
707981096
716987945
655450467
728370188
713964987
555916110
636568300
623107535
651046224
710017658
547464343
725848557
569663578
702338302
722513189
592339058
717182906
705313061
718950686
693516025
694475004
703468107
669045167
617569446
330428388
707910219
694412540
724932539
601871723
711198433
693216409
708388794
619464301
723670956
706535869
679994659
713402837
725136770
427585080
684240540
724157833
718198942
718855361
715499224
659995538
714894713
722387568
706840906
705327256
730374242
721830687
717816200
711930801
725997614
712297402
718403075
676657809
692362630
725556075
726144085
576645442
726826567
659926181
672355601
723277266
730657983
725145015
724169958
714984458
688893136
723766743
599492036
712204993
719027684
557926935
731039356
660054549
727267019
730405711
716892709
715396008
608629021
667328763
643453275
722073364
727242807
670773693
684494592
651608623
706649488
726574561
726469052
702222213
727625758
566778570
691671004
535857731
724559128
728073508
714105500
671645315
545963388
546668139
581990994
726765710
729026177
668815126
705071367
647092891
723312968
724583857
720963581
711334623
721570074
729227547
728962017
724959986
728042458
638883916
729171474
702484670
722368526
619230712
708550536
692667515
720540932
726336149
730885809
710774172
727773777
726294587
719580292
639276988
676955833
722724064
723599716
715237579
699239235
592321250
726927418
717643086
575089615
666137273
563719194
724800848
729200080
621061936
723008211
730359579
730789432
715839178
720961314
643956477
723611738
730241520
719273068
705581029
731118060
726645173
702219595
712155289
711258133
725277684
667907851
712686981
712045922
719483893
692892493
717503057
634447571
722093925
710762427
614357372
721355131
688262177
554394304
728397356
683592483
705711200
674828933
689451478
721752051
728338890
716619188
686188474
655100134
708676661
545673830
709037741
721214131
721494303
689449726
666751691
628522068
730700001
726498382
638022653
721804821
720195663
722883107
710100381
723744857
681317964
728829739
724117443
677908615
714515296
730244510
729696641
609056886
541504504
722822574
469930917
708378867
727844317
720943807
545543625
689372081
720051755
730971073
726060387
717374861
716114862
715535183
701354348
729170004
729920674
369180715
682009932
720980345
686773162
662943589
720382562
646035403
716811052
723571204
670677532
703037974
669968873
554519937
679839792
711993118
724544500
720913636
729430952
668352450
710964388
622126486
542954900
717777709
723865766
730286292
727843668
728788326
728767684
716704741
730925972
719209468
727922079
724264107
721016243
726776333
726134162
727563717
728030352
723486060
580616843
721941291
708585382
730121441
686508868
724303892
706363602
715601833
702081034
729267082
647695944
706878571
621570478
699451899
546324672
688809021
693196352
715536335
708327718
589613461
587968412
730845223
726044502
667158674
679250876
678890653
723214053
719826044
728693153
684622419
721686237
720825325
714432063
701797915
691854788
712955323
717825802
710994953
635209480
712592561
641738107
726717161
713304751
702660674
724486143
731079821
710759795
730588714
569344480
545407900
722016362
728514532
690357604
633145564
721867873
723953787
710121088
721945444
721314122
728607740
567341653
717599621
730886826
729504406
699232617
721070053
731066111
667191742
631010895
703843165
692395052
569965541
667573746
694309900
730005596
728820959
545802048
421586021
712957019
724282710
716813630
691410849
723520559
702084788
728579368
616288162
697006386
729732209
647202091
721449161
684474847
562613841
710660082
565914667
723938318
643060399
727859786
709046354
730016258
679441737
719888897
730443421
707713036
685326049
624103658
702405357
730530488
730474917
709533141
625017404
530876817
532051502
705451917
668362743
569282119
730438961
715582120
712052704
718254428
728566601
725978888
640483709
649594850
547650936
728368026
644862826
730518728
710912901
713155136
719480635
699306792
722771705
723284837
587292837
721303890
703752492
726685570
725308976
678649504
727239470
656033716
693306189
722299416
660864700
576892096
709657317
720187752
722888831
723715614
653818228
730100831
490023805
679441500
709324500
707285744
675576724
723876223
723332977
724179588
708316543
604820684
728699571
707922877
603159406
726998922
545905686
726658096
654867692
730764091
727222649
637911555
715167202
711798581
715543641
714099032
662521586
706400835
719056147
728540897
727484807
710017343
706471771
671150040
711916276
611437949
639305752
728920402
719342789
730951935
685160043
725598646
679465164
569075616
726428371
714789133
726556678
723341577
619664563
700796311
701468913
716501642
705929576
571862426
666860597
720864744
660305539
672036666
710841585
729958006
729324484
703437946
549424890
710375174
708774102
696978553
723491460
680051835
720281780
669583565
667623090
727605323
730656491
655471111
728691205
703216989
635149611
723330559
727910497
726821959
727973398
729821349
644997687
730191558
720424767
669376584
730416754
621007942
716372670
541249238
717748738
552602679
526067159
726848425
705835963
718990100
721627917
700410651
698819200
726730298
697053116
709325147
621558327
727989263
728248741
722146035
722894697
711189079
658884220
726775134
700482947
720232298
579855380
722543271
727743388
731051252
728485590
726068330
712014477
704928731
730878903
721309306
726292008
642328625
563982233
723112537
725028052
623207460
721792030
676936358
573385894
680890497
720023191
729341490
549536380
715330467
723038037
713906571
543203882
700883892
729799334
636710384
720215718
631996106
675922621
718352946
640357235
685797349
719660287
727645545
720362225
725513321
713997329
728992835
729558582
708203277
538294034
565453287
728683280
718876557
708417307
729238146
721544500
710477631
522209034
713111275
644397707
668907563
725625862
679850814
725013145
724183029
708679043
711423366
730276908
699389812
696488776
723707091
712290488
730502452
728748551
649726274
687605772
573397205
706623090
730348389
722549484
729191996
728118525
577676277
724786039
706132354
718857735
718131966
708591961
720198772
709553640
654076450
728524867
731215973
546655867
689829456
730795100
709279918
692532954
718953110
723245550
691537656
719033753
628376632
654935698
684517379
731220065
726791365
654917097
716680660
724764494
724017933
723310962
728098921
674197641
704467343
654546990
634576852
708674207
727196329
689377192
701729801
717251948
637242289
717145690
729421095
668983862
731089425
717872262
700664810
724667309
730925034
715064397
727605834
729344193
727580584
728767668
723536648
670384726
731006081
724053604
723835325
629217405
693721513
694597581
699419249
730402916
729243212
